# Created by Octave 6.2.0, Mon Aug 21 16:44:21 2023 GMT <unknown@kozuch01>
# name: spectra_text
# type: matrix
# rows: 314
# columns: 15
 0 7.4800000000000004 7.2699999999999996 7 6.7300000000000004 6.5199999999999996 6.2999999999999998 6.0899999999999999 5.8700000000000001 5.6600000000000001 5.4199999999999999 5.0599999999999996 4.7699999999999996 4.2599999999999998 3.7999999999999998
 1901.43273 -7.6436999999999993e-06 1.117e-07 -8.6519999999999999e-07 6.7067999999999999e-06 -1.49e-07 1.5402000000000001e-06 4.4977000000000002e-06 5.2673000000000004e-06 1.7400000000000001e-06 4.5638000000000002e-06 6.5842000000000004e-06 3.0620999999999999e-06 6.8521e-06 -5.0210000000000003e-07
 1899.50424 -9.0790999999999992e-06 1.5737000000000001e-06 -8.7580000000000005e-07 3.4807e-06 -2.3947000000000001e-06 -1.3534e-06 -2.5795999999999998e-06 1.9485000000000001e-06 -4.3809999999999999e-07 7.3939999999999996e-07 6.3959e-06 -1.7687999999999999e-06 -1.0759999999999999e-06 -4.6236000000000001e-06
 1897.57575 -8.0481000000000001e-06 1.6007e-06 -1.7142e-06 7.9979999999999995e-07 -4.7978e-06 -2.2888e-06 -4.6147e-06 1.5546999999999999e-06 -1.4421999999999999e-06 -2.6349e-06 3.7036e-06 -1.7828999999999999e-06 -2.2871999999999999e-06 -5.6493999999999996e-06
 1895.64726 -4.3970000000000004e-06 4.461e-07 -9.8919999999999999e-07 6.3330000000000004e-07 -5.4894000000000003e-06 -2.0379e-06 -4.0028e-06 2.8826000000000001e-06 -1.2121e-06 -1.4652e-06 2.1863000000000001e-06 -1.7713000000000001e-06 1.5460999999999999e-06 -3.2115999999999999e-06
 1893.7187699999999 2.7219999999999999e-06 3.32e-08 3.0931999999999999e-06 1.5064000000000001e-06 -4.4199999999999999e-08 7.0439999999999998e-07 -2.3873999999999998e-06 3.6816e-06 -1.1711000000000001e-06 1.7121000000000001e-06 4.2988999999999996e-06 -2.5015000000000001e-06 5.4063000000000002e-06 9.2009999999999999e-07
 1891.7902899999999 1.1728e-05 1.7023e-06 7.1203999999999996e-06 6.44e-07 8.3755999999999999e-06 5.3349000000000004e-06 1.0036e-06 5.4542999999999996e-06 7.6010000000000004e-07 3.0974000000000002e-06 9.0913000000000005e-06 3.8448e-06 9.1977e-06 6.8042e-06
 1889.8617999999999 1.2870100000000001e-05 2.7990000000000001e-07 5.5354000000000004e-06 -2.5227999999999998e-06 1.0321400000000001e-05 7.1424999999999998e-06 4.7353999999999996e-06 5.5991000000000003e-06 2.8967999999999999e-06 -6.0399999999999998e-08 1.0782699999999999e-05 1.15052e-05 1.03602e-05 8.5375999999999994e-06
 1887.9333099999999 3.1783999999999999e-06 -5.2224000000000002e-06 7.7830000000000003e-07 -4.9412000000000002e-06 6.0186999999999997e-06 5.5924e-06 5.0907999999999996e-06 4.8950000000000004e-07 2.8783e-06 -4.9748000000000002e-06 7.9210999999999994e-06 1.07021e-05 7.3902e-06 1.5104e-06
 1886.0048200000001 -4.0242000000000004e-06 -4.9644000000000003e-06 2.7516999999999998e-06 -4.1668999999999999e-06 4.8566000000000002e-06 3.6351000000000001e-06 2.8976e-06 -4.3789999999999999e-06 4.7499e-06 -4.0806000000000004e-06 5.9389e-06 8.7777000000000007e-06 4.6647000000000004e-06 -5.6041999999999996e-06
 1884.0763300000001 -8.9299999999999996e-07 1.5745999999999999e-06 1.00265e-05 -1.7051e-06 7.3862999999999999e-06 2.6158e-06 5.7159999999999996e-07 -4.2942000000000003e-06 9.1790999999999999e-06 2.8082999999999999e-06 6.2079000000000003e-06 1.0584199999999999e-05 2.3327999999999999e-06 -5.2475000000000002e-06
 1882.1478400000001 3.4612e-06 3.5673999999999999e-06 1.1462599999999999e-05 -1.2630000000000001e-07 7.6263000000000001e-06 3.5729999999999999e-06 -5.8299999999999999e-08 -2.1314e-06 7.8938000000000006e-06 7.7862000000000001e-06 6.5099000000000001e-06 8.6834000000000006e-06 -1.3898e-06 -2.0866000000000001e-06
 1880.2193500000001 3.1999999999999999e-06 -4.4659999999999999e-07 6.4273999999999997e-06 -6.328e-07 5.8132999999999999e-06 7.3003000000000002e-06 1.3205000000000001e-06 -1.1978e-06 3.0400000000000001e-08 6.9638000000000001e-06 6.7579000000000001e-06 4.0122999999999997e-06 -3.5182999999999998e-06 -1.3981e-06
 1878.2908600000001 3.3834000000000001e-06 -2.0453999999999999e-06 3.0912999999999999e-06 -2.0072e-06 6.8361999999999999e-06 1.2033599999999999e-05 3.2308999999999998e-06 8.4800000000000005e-08 -3.2432999999999999e-06 5.5905000000000001e-06 7.6044000000000004e-06 4.1670000000000001e-06 -1.7733e-06 -1.6076000000000001e-06
 1876.36238 4.7412999999999998e-06 5.4489999999999996e-07 3.7610999999999999e-06 -8.3239999999999996e-07 1.05705e-05 1.4545800000000001e-05 3.4311999999999999e-06 2.8426000000000001e-06 1.5949999999999999e-07 7.9950000000000005e-06 8.7266000000000004e-06 7.5000000000000002e-06 2.7300000000000002e-07 -3.9140000000000002e-07
 1874.43389 2.7395000000000002e-06 1.9402000000000001e-06 5.2282000000000002e-06 1.9703e-06 1.2313800000000001e-05 1.33273e-05 1.3143000000000001e-06 5.7142000000000003e-06 1.8030999999999999e-06 1.00786e-05 8.1867999999999993e-06 9.2089999999999994e-06 -1.2735e-06 2.6109999999999998e-07
 1872.5054 -1.7438999999999999e-06 9.3399999999999997e-07 7.0933999999999997e-06 2.3918999999999999e-06 1.2545699999999999e-05 1.0509999999999999e-05 -2.0669999999999999e-07 8.3289999999999994e-06 5.5550000000000002e-07 8.0275000000000006e-06 8.2763999999999992e-06 1.02421e-05 -2.5005999999999998e-06 -1.7179999999999999e-07
 1870.57691 -3.5754999999999999e-06 -1.3129999999999999e-07 9.6360000000000006e-06 2.6458000000000001e-06 1.3665999999999999e-05 9.0202000000000005e-06 -2.315e-07 8.6470000000000004e-06 6.0849999999999998e-07 5.0560000000000004e-06 1.1396999999999999e-05 1.24603e-05 3.4770000000000002e-07 1.0325000000000001e-06
 1868.64842 -1.5599000000000001e-06 -1.0565e-06 1.1303399999999999e-05 5.2943000000000003e-06 1.2525500000000001e-05 7.9835000000000007e-06 -1.2937e-06 4.2822999999999996e-06 1.8814999999999999e-06 4.6299999999999997e-06 1.04221e-05 1.34191e-05 3.1742999999999998e-06 1.3898e-06
 1866.71993 -1.656e-07 -1.2854e-06 1.3648e-05 5.8286999999999998e-06 1.05219e-05 7.1770000000000001e-06 -2.9345e-06 -1.8399999999999999e-08 2.5631000000000001e-06 5.0607999999999999e-06 3.6169e-06 1.00328e-05 2.7236000000000001e-06 -4.1354999999999996e-06
 1864.79144 -5.3340000000000005e-07 1.4305999999999999e-06 1.9139599999999999e-05 3.6884999999999999e-06 1.31551e-05 7.9543999999999996e-06 -2.6388e-06 2.2349e-06 3.8709999999999999e-06 4.7775000000000004e-06 6.9469999999999999e-07 7.0435000000000004e-06 7.7499999999999999e-08 -1.08354e-05
 1862.86295 2.9116000000000002e-06 5.8367999999999997e-06 2.4700599999999999e-05 6.7165e-06 1.9049e-05 1.01578e-05 -9.2599999999999995e-08 9.9073000000000008e-06 8.1012999999999998e-06 5.0987e-06 4.7878000000000001e-06 1.1203600000000001e-05 5.9599999999999999e-07 -8.8334000000000008e-06
 1860.9344699999999 9.6863000000000008e-06 7.1627e-06 2.53859e-05 1.46191e-05 2.34699e-05 1.45248e-05 4.7114999999999997e-06 1.62551e-05 1.2755899999999999e-05 7.2541999999999999e-06 1.0890800000000001e-05 1.7696499999999999e-05 5.8308000000000001e-06 -5.6990000000000004e-07
 1859.0059799999999 1.1792300000000001e-05 4.6801999999999997e-06 2.1413899999999998e-05 1.8322299999999999e-05 2.4614399999999999e-05 1.7674999999999999e-05 9.7764000000000001e-06 1.8142799999999998e-05 1.41276e-05 8.3351999999999994e-06 1.5333500000000002e-05 1.7557499999999999e-05 9.6144000000000006e-06 3.9918999999999998e-06
 1857.0774899999999 5.4242999999999999e-06 3.3436000000000001e-06 1.52524e-05 1.5461999999999999e-05 2.0928999999999999e-05 1.5942200000000001e-05 8.6836999999999995e-06 1.63265e-05 1.1426900000000001e-05 5.2121999999999998e-06 1.2999200000000001e-05 9.6871000000000008e-06 8.7182999999999992e-06 2.3394999999999998e-06
 1855.1489999999999 -6.2956999999999997e-06 2.1496000000000001e-06 7.2497999999999996e-06 7.3441999999999999e-06 1.19078e-05 1.1851199999999999e-05 -2.1210999999999999e-06 8.8926000000000002e-06 3.9940999999999996e-06 -1.3188e-06 2.3006999999999998e-06 -1.0713e-06 2.3360000000000002e-06 -2.8874999999999999e-06
